NAME = SAfile026,
SIZE = 26,
122,86,142,47,146,92,84,83,100,11,77,160,89,67,95,54,89,11,122,124,107,26,99,98,190,
181,173,64,180,113,116,53,157,26,94,185,93,156,148,83,92,90,157,147,190,87,111,180,268,
159,56,175,37,54,42,155,73,43,206,66,152,127,100,93,62,148,112,121,53,102,139,250,
68,181,74,78,63,188,44,61,230,98,156,117,110,141,92,155,152,128,87,133,125,257,
106,59,72,133,80,42,64,135,55,32,20,71,71,53,30,96,27,129,92,39,186,
80,91,89,188,22,85,222,91,135,156,103,119,54,124,172,148,112,153,165,280,
169,91,125,39,151,144,93,91,63,44,88,35,93,75,81,46,95,87,154,
81,109,26,116,158,135,78,71,84,58,65,71,64,51,61,100,87,196,
148,11,139,107,65,34,40,62,90,42,68,87,37,62,88,109,186,
93,141,179,139,136,116,122,132,64,197,202,181,65,111,194,127,
9,50,37,15,23,22,20,83,68,33,9,40,18,13,51,
102,54,55,76,70,82,11,93,74,79,49,103,100,157,
163,198,172,140,129,77,223,228,161,136,140,193,220,
82,62,114,95,34,62,68,51,63,64,77,205,
81,74,76,24,156,127,103,31,36,128,223,
66,31,34,130,117,99,27,68,135,210,
110,59,68,62,95,52,98,82,212,
39,86,70,130,75,98,74,189,
63,34,107,93,36,29,102,
160,182,46,96,147,241,
160,26,88,185,272,
58,130,190,197,
56,38,128,
78,178,
278