NAME = SAfile175,
SIZE = 175,
278,296,230,312,264,249,226,249,149,172,149,154,241,249,248,288,170,312,230,231,170,274,180,270,312,128,266,270,296,312,270,170,230,232,234,270,270,312,165,245,264,230,249,249,312,270,312,312,312,177,253,312,230,189,287,234,277,167,282,165,249,287,312,282,149,216,270,312,189,264,312,128,249,208,234,139,253,181,270,264,270,236,189,207,253,249,253,312,230,239,312,312,230,253,287,249,200,213,289,147,312,312,215,312,175,167,208,253,275,253,224,249,312,234,270,232,312,278,312,170,143,312,266,210,143,166,164,193,253,128,224,270,255,230,249,300,255,270,202,253,289,230,270,287,248,256,312,189,245,207,253,198,249,224,181,270,230,312,277,249,230,216,143,170,249,312,271,257,312,270,249,177,253,274,
308,322,246,166,249,258,189,300,311,250,300,220,174,166,154,285,246,336,348,261,220,317,187,246,266,220,211,316,250,327,284,300,174,350,288,278,246,241,357,166,343,312,206,246,298,272,246,337,241,357,309,300,258,345,241,166,308,300,241,160,345,316,220,300,191,225,246,322,369,246,289,263,280,300,295,316,225,336,369,308,170,322,333,316,236,316,246,300,354,294,246,300,316,345,301,209,336,220,278,365,344,338,330,258,241,288,329,160,316,343,272,263,350,196,196,246,187,246,258,293,358,300,258,270,289,306,241,316,266,343,202,364,300,294,154,364,187,329,316,300,300,346,345,166,220,246,322,220,333,316,327,234,241,225,318,300,323,166,292,308,196,278,273,220,351,220,220,301,187,327,315,316,316,
340,385,274,336,211,336,319,329,274,319,229,336,274,333,304,385,354,365,282,229,335,352,385,285,229,352,111,385,352,303,311,271,367,352,352,385,268,373,274,361,336,336,385,352,385,385,385,256,373,385,282,245,185,208,274,326,134,274,336,296,385,229,319,271,352,385,340,385,385,308,336,308,202,314,319,274,354,385,352,308,340,350,189,336,234,385,224,370,385,385,234,289,340,336,274,354,229,296,385,385,355,385,258,266,308,347,336,213,361,336,385,367,352,251,385,352,385,272,311,385,167,226,289,308,324,242,304,285,361,352,379,245,336,333,379,352,347,266,113,296,363,333,274,229,385,340,229,350,256,345,336,213,280,352,224,385,274,336,326,251,296,292,336,385,229,229,385,352,344,333,333,149,
378,310,329,283,329,218,211,224,266,294,329,299,331,177,378,134,177,213,319,218,345,378,211,311,345,340,378,345,178,167,288,196,345,345,378,232,177,310,149,329,329,378,345,378,378,378,245,177,378,213,256,299,289,321,218,326,266,329,189,378,326,230,277,345,378,218,266,378,240,329,300,289,218,149,266,345,300,345,300,266,240,296,329,266,378,274,240,378,378,266,202,187,329,266,196,333,263,378,378,263,378,243,234,300,127,329,282,272,329,378,167,345,288,378,345,378,227,196,378,311,272,202,272,218,258,177,240,196,345,196,256,329,343,189,345,196,234,333,189,345,187,299,304,378,218,296,272,245,196,329,282,272,345,274,378,321,329,134,277,196,197,329,378,316,305,378,345,329,218,127,319,
284,211,345,204,320,324,333,284,320,204,284,207,345,167,378,345,345,320,320,177,113,324,320,177,391,213,302,345,378,286,333,259,245,113,312,345,284,378,285,204,202,272,236,167,313,333,391,283,378,345,416,333,284,320,378,284,204,416,290,320,312,286,185,202,320,346,134,304,225,249,378,320,391,284,312,346,282,246,296,308,391,204,391,189,378,329,268,177,378,391,416,275,284,333,320,286,341,320,313,305,345,333,259,391,204,391,319,236,225,378,177,304,149,177,149,345,333,334,378,345,333,277,320,333,391,304,333,177,340,378,268,207,391,177,333,391,378,378,321,416,284,320,177,320,320,308,391,333,204,333,277,292,378,298,284,265,378,304,333,345,204,327,320,320,275,177,301,320,391,391,
231,211,211,288,299,232,288,170,211,128,208,273,284,325,336,243,170,305,236,284,248,170,236,283,284,315,272,280,149,339,275,265,284,224,346,70,332,299,211,284,285,284,284,326,211,346,296,266,211,314,193,128,295,266,224,211,314,304,170,288,172,236,284,310,358,284,277,245,268,266,283,288,207,325,358,295,166,310,321,283,218,283,284,266,342,284,284,266,283,314,289,189,325,170,264,354,333,326,319,213,222,275,318,211,283,332,256,284,339,236,149,284,236,284,229,280,347,266,211,254,277,294,197,283,248,332,236,353,266,282,208,353,236,318,283,266,266,334,314,128,170,284,310,170,321,283,316,217,193,207,305,266,311,128,279,295,172,264,258,211,340,170,170,289,236,315,303,303,283,
289,181,261,266,276,211,261,198,215,263,289,204,329,289,289,261,261,207,222,266,261,159,344,204,232,289,329,215,276,172,152,204,249,289,231,329,209,167,280,187,204,254,248,276,344,205,329,289,370,276,247,261,329,211,213,370,216,261,249,215,137,204,261,289,233,239,126,160,329,261,344,211,247,289,203,202,225,241,344,120,344,273,329,271,204,204,329,344,370,193,211,276,265,215,284,259,249,238,289,276,172,344,245,344,257,139,204,329,175,239,243,249,204,289,276,276,329,289,276,202,261,276,344,239,276,171,283,329,180,277,344,222,276,344,329,329,261,370,215,261,265,261,261,241,344,276,126,276,202,218,329,227,247,177,329,239,276,289,143,269,261,261,204,236,232,261,344,344,
289,258,272,192,258,154,289,211,287,236,345,298,310,204,175,278,307,345,209,164,307,211,345,307,235,247,208,313,307,307,345,181,320,211,305,289,289,345,307,345,345,345,169,320,345,204,153,246,121,211,268,187,211,289,246,345,187,258,208,307,345,283,333,345,242,289,258,177,251,258,211,307,333,307,258,283,294,202,289,202,345,177,317,345,345,177,215,283,289,211,298,199,226,345,345,299,345,171,179,258,290,289,202,305,289,345,313,307,181,345,307,345,187,247,345,177,127,215,242,266,148,236,209,305,307,327,177,289,287,327,307,290,202,199,226,308,276,211,154,345,283,154,294,202,288,289,121,220,307,177,345,211,289,268,181,226,219,289,345,171,154,345,307,289,276,276,202,
261,266,276,250,261,126,211,205,289,204,329,305,289,261,272,137,204,266,261,132,344,204,283,289,329,215,307,232,218,204,249,315,211,329,266,126,229,247,209,204,294,276,344,262,329,289,370,276,211,261,329,211,143,370,271,261,250,215,152,204,278,328,204,239,197,222,329,261,344,211,293,328,261,160,278,289,344,169,344,218,329,311,241,204,329,344,370,252,211,293,261,218,323,301,294,286,289,276,232,344,185,344,300,209,204,329,129,239,204,189,204,289,276,316,329,289,276,234,261,276,344,239,300,129,322,329,241,224,344,159,285,344,329,329,303,370,211,261,207,278,261,289,344,283,167,276,202,273,329,279,211,238,329,239,276,289,143,309,261,261,252,175,283,270,344,344,
128,189,170,272,264,277,310,154,320,218,198,177,296,138,279,320,172,289,279,319,320,279,154,218,264,201,279,279,320,200,213,288,218,261,261,326,279,320,320,320,213,241,320,218,224,278,266,299,113,304,200,275,278,320,304,112,248,279,320,149,232,320,128,261,220,266,99,241,216,279,232,279,268,170,172,274,261,241,320,245,207,320,320,234,241,278,261,232,177,311,166,320,320,179,320,211,202,220,241,298,256,189,261,320,218,279,264,320,300,320,194,125,320,289,242,167,179,104,226,241,172,189,279,223,224,261,322,241,281,167,241,311,218,279,278,277,282,320,149,274,179,241,163,261,256,216,279,245,320,299,261,218,248,149,160,261,320,293,283,320,291,261,134,241,296,
207,177,283,276,288,321,158,324,211,179,196,308,103,284,324,189,300,284,329,324,284,161,211,277,183,284,284,324,216,196,299,211,266,266,336,284,324,324,324,229,234,324,211,240,288,278,310,92,315,216,286,273,324,315,128,264,284,324,128,216,324,149,266,227,278,137,234,232,284,227,284,279,177,149,285,266,250,329,261,189,324,324,250,234,273,266,248,159,322,174,324,324,174,324,227,218,227,234,309,270,187,266,324,211,284,277,324,311,324,211,141,324,300,258,183,187,100,242,234,189,172,284,207,240,266,333,234,293,141,234,322,211,284,273,288,293,324,128,285,187,234,137,266,270,232,284,261,324,310,266,211,264,172,178,266,324,305,294,324,303,266,92,234,308,
193,209,276,216,274,167,333,245,263,121,245,216,294,333,128,234,294,274,333,294,165,196,200,266,294,294,333,143,274,232,256,276,276,333,294,333,333,333,134,274,333,196,149,262,202,248,202,256,193,276,262,333,256,189,189,294,333,224,288,333,172,276,241,202,181,220,193,294,288,294,241,224,240,220,276,220,333,196,270,333,333,196,220,262,276,193,245,266,189,333,333,247,333,132,113,241,234,276,220,256,276,333,266,294,200,333,294,333,121,177,333,234,174,134,202,199,154,220,162,256,294,281,196,276,278,281,294,234,220,266,196,294,262,216,224,333,224,213,240,220,231,276,189,202,294,196,333,248,276,202,181,149,140,276,333,241,225,333,294,276,213,220,245,
272,264,277,310,211,284,266,211,211,296,170,271,284,177,289,236,319,284,236,211,266,264,201,236,236,284,200,213,288,266,211,236,326,236,284,304,284,213,283,284,266,224,314,266,299,170,304,200,275,314,284,304,154,248,236,284,170,232,289,132,211,166,266,170,283,216,236,232,236,268,149,172,283,211,283,319,266,207,284,284,266,283,314,211,232,193,311,149,284,284,179,284,211,202,166,283,298,283,189,211,284,266,245,264,296,300,284,211,193,284,289,242,193,128,170,226,283,172,193,240,223,266,211,322,283,281,193,283,311,266,236,314,277,282,311,170,274,172,283,193,211,256,216,236,266,284,299,211,266,248,193,211,222,284,293,283,284,291,211,170,283,296,
261,170,258,252,320,309,321,220,155,288,279,320,225,139,279,241,320,299,251,263,166,323,279,279,320,200,330,170,316,283,261,320,279,320,320,320,185,330,320,220,174,278,125,170,279,218,200,261,278,320,170,272,166,279,320,294,343,320,257,261,245,218,266,272,181,309,343,279,220,294,305,241,261,241,320,218,327,320,320,218,241,294,273,170,309,181,241,339,320,310,320,187,198,256,301,261,241,316,261,320,323,279,127,320,279,320,205,263,332,218,154,231,257,278,171,252,225,316,279,337,218,264,258,337,279,301,241,218,241,319,286,170,126,320,294,84,305,241,299,261,130,181,289,218,320,170,261,279,139,241,235,261,325,148,128,320,279,299,286,286,241,
211,189,289,204,329,315,289,261,282,129,204,266,261,152,344,204,293,289,329,215,317,247,232,204,249,324,211,329,277,143,215,261,223,204,304,276,344,274,329,289,370,276,211,273,329,211,126,370,281,261,264,215,172,204,288,337,204,248,213,236,329,261,344,211,303,337,273,160,288,299,344,182,344,204,329,321,255,204,329,344,370,266,211,303,261,232,333,311,304,296,289,276,247,344,170,344,310,224,213,329,132,239,204,174,204,289,276,326,329,289,276,248,271,276,344,239,310,138,331,329,255,209,344,137,295,344,329,329,313,370,211,261,204,288,261,299,344,293,181,276,202,283,329,289,211,252,329,239,276,289,167,319,261,261,266,159,293,280,344,344,
208,259,284,314,326,227,170,293,236,284,232,170,236,283,284,304,258,269,128,328,263,249,284,207,335,128,321,288,211,284,274,284,284,315,194,335,285,266,211,314,193,149,284,266,207,211,314,293,170,277,149,236,284,299,348,284,264,229,252,266,272,283,189,314,348,284,166,299,310,283,211,283,284,266,332,284,284,266,283,314,278,172,314,174,248,343,322,315,308,211,205,263,306,211,283,321,240,284,328,236,132,284,236,284,213,269,336,266,211,238,264,283,193,283,232,321,236,342,266,270,208,342,236,306,283,266,266,324,314,70,170,284,299,170,310,283,304,211,193,189,294,266,300,149,268,284,149,248,242,211,329,170,170,284,236,304,291,291,283,
295,222,345,357,287,258,326,179,207,276,258,225,341,264,336,294,326,211,359,298,288,207,255,366,208,352,321,220,207,308,281,207,347,274,366,319,326,287,368,274,208,317,326,255,174,368,326,258,310,211,240,254,331,377,207,299,274,290,326,305,341,239,346,377,318,185,331,342,341,250,341,207,326,363,304,232,326,341,368,311,223,345,258,288,373,354,347,340,287,274,298,341,130,341,352,282,274,359,211,236,207,133,211,287,303,367,326,287,280,299,316,274,341,276,352,216,372,326,304,130,372,165,338,341,326,326,355,368,208,258,207,331,258,342,341,337,248,274,239,327,326,333,208,301,326,236,288,287,234,361,258,258,311,141,336,324,341,341,
345,202,220,149,282,170,307,345,141,274,307,304,345,307,70,177,243,223,307,307,345,175,234,273,213,289,289,345,307,345,345,345,189,234,345,177,202,259,245,284,154,289,211,289,246,345,289,170,227,307,345,177,254,345,181,289,258,245,154,202,211,307,258,307,258,211,196,256,289,213,345,224,229,345,345,213,202,246,289,211,202,296,208,345,345,208,345,187,177,258,202,289,234,220,289,345,223,307,243,345,307,345,170,121,345,274,221,134,220,154,205,202,181,213,307,245,202,289,308,245,307,189,202,296,177,307,246,259,266,345,177,256,220,202,186,289,234,220,307,224,345,284,289,177,227,121,129,289,345,279,268,345,307,289,167,202,282,
378,345,345,320,320,177,177,324,320,177,391,167,272,345,378,286,333,217,202,149,312,345,284,378,250,204,245,231,191,213,283,333,391,247,378,345,416,333,284,320,378,284,204,416,257,320,312,286,177,149,320,318,189,304,204,246,378,320,391,284,282,318,245,246,284,304,391,204,391,234,378,304,225,113,378,391,416,236,284,333,320,286,313,290,286,275,345,333,246,391,204,391,289,204,179,378,177,304,202,207,113,345,333,305,378,345,333,277,320,333,391,304,333,177,333,378,225,239,391,177,333,391,378,378,292,416,284,320,224,320,320,278,391,333,204,333,277,259,378,268,284,222,378,304,333,345,204,298,320,320,236,193,272,320,391,391,
177,234,333,218,345,378,229,326,345,354,378,345,203,189,303,196,345,345,378,254,177,325,113,329,329,378,345,378,378,378,266,149,378,234,274,314,304,335,218,340,266,329,213,378,340,230,291,345,378,218,266,378,240,329,300,304,218,177,269,345,300,345,305,266,240,311,329,282,378,289,240,378,378,282,224,187,329,280,196,347,263,378,378,263,378,264,256,300,127,334,296,272,329,378,134,345,303,378,345,378,248,196,378,326,287,224,272,218,276,202,240,196,345,196,274,329,357,167,345,196,256,347,213,345,187,314,319,378,218,311,272,266,196,329,296,272,345,289,378,335,329,167,291,213,219,329,378,330,320,378,345,329,218,149,333,
252,344,171,321,345,247,337,307,365,345,307,221,209,315,121,307,307,345,270,126,336,177,289,295,371,307,345,351,345,279,202,345,252,286,326,316,347,185,351,270,324,246,345,351,198,304,307,345,162,211,345,215,289,258,316,205,202,282,307,258,307,318,211,181,323,289,294,365,301,181,345,345,294,241,246,289,293,130,358,231,345,345,208,345,278,272,258,202,345,309,220,289,345,177,307,315,345,348,345,266,209,345,337,299,241,220,187,288,220,247,121,307,139,286,289,368,202,330,143,272,358,231,307,246,326,330,358,162,323,220,279,148,289,309,282,307,301,345,347,289,185,304,231,237,289,345,342,331,345,340,289,174,202,344,
256,205,307,345,140,245,307,282,345,307,147,177,211,255,307,307,345,170,266,243,245,289,289,345,307,345,345,345,149,266,345,177,167,246,213,259,189,266,211,289,246,345,266,177,208,307,345,213,280,345,181,289,258,213,170,202,211,307,280,307,258,213,229,224,289,202,345,189,261,345,345,177,202,246,289,211,234,274,208,345,345,236,345,146,134,258,224,289,202,245,289,345,255,307,211,345,307,345,126,167,345,245,186,121,220,187,170,202,181,245,307,274,177,289,287,274,307,224,202,274,177,307,246,227,234,345,213,224,229,202,221,289,202,220,307,189,345,259,289,189,194,134,127,289,345,251,236,345,307,289,202,202,256,
313,279,320,261,113,279,241,320,324,281,289,169,347,284,279,320,236,354,170,340,308,261,320,294,320,320,334,224,354,320,256,213,278,167,170,304,218,236,261,278,320,113,296,185,279,320,319,366,320,285,261,277,218,291,296,220,333,366,304,220,319,329,241,261,241,320,218,350,320,320,218,266,319,298,203,333,134,274,362,341,334,327,226,234,284,326,261,241,340,268,320,347,279,169,320,279,320,241,289,355,218,193,266,285,302,210,282,261,340,279,361,218,290,258,361,279,326,241,218,274,342,311,170,134,320,319,149,329,241,324,261,177,220,314,218,320,170,288,304,185,274,270,261,348,87,133,320,279,323,311,311,241,
288,320,199,306,279,335,320,279,171,218,282,174,279,279,320,225,186,305,218,261,261,342,279,320,321,320,237,241,320,218,248,293,283,316,124,321,225,292,278,320,321,138,271,279,320,102,208,320,163,261,220,283,148,241,241,279,220,279,285,170,137,291,261,258,335,269,179,320,320,258,241,278,261,257,145,328,180,320,320,166,320,235,226,220,241,314,276,179,261,320,218,279,282,320,317,320,219,154,320,306,266,193,179,127,251,241,199,163,279,198,248,261,338,241,298,131,241,328,218,279,278,293,298,328,102,291,179,241,128,261,276,241,279,269,320,316,261,218,271,180,187,261,320,310,299,320,308,261,81,241,313,
177,284,279,167,359,209,299,307,345,240,323,256,241,177,270,330,236,345,283,159,206,269,232,177,310,294,359,280,345,307,384,294,236,279,345,236,129,384,288,279,271,240,181,197,294,343,177,263,222,245,345,279,359,236,309,343,279,187,294,305,359,193,359,194,345,327,264,177,345,359,384,273,236,309,279,241,338,317,310,303,307,294,256,359,158,359,316,232,222,345,143,263,177,165,177,307,294,331,345,307,294,257,279,294,359,263,316,152,337,345,264,200,359,126,301,359,345,345,319,384,236,279,181,294,279,305,359,299,191,294,227,289,345,295,236,261,345,263,294,307,175,324,279,279,273,143,299,286,359,359,
324,320,181,391,224,309,345,378,286,333,269,256,134,312,345,284,378,293,204,189,279,247,149,320,333,391,290,378,345,416,333,284,320,378,284,204,416,298,320,312,286,198,213,320,353,113,304,236,259,378,320,391,284,319,353,289,246,304,315,391,209,391,177,378,336,275,189,378,391,416,283,284,333,320,286,348,327,320,313,345,333,269,391,204,391,326,247,236,378,177,304,134,177,167,345,333,341,378,345,333,277,320,333,391,304,333,177,347,378,275,207,391,177,333,391,378,378,328,416,284,320,167,320,320,315,391,333,207,333,277,299,378,305,284,273,378,304,333,345,204,334,320,320,283,177,309,320,391,391,
250,284,285,324,284,140,211,216,250,284,284,324,139,261,248,240,266,266,324,284,324,324,324,158,261,324,211,172,273,218,264,183,270,177,266,273,324,270,172,200,284,324,207,277,324,149,266,227,218,165,234,177,284,277,284,227,207,224,234,266,234,324,211,255,324,324,211,234,273,266,181,229,278,174,324,324,231,324,155,141,227,234,266,234,240,266,324,250,284,216,324,284,324,140,159,324,250,192,118,187,180,175,234,136,240,284,270,211,266,289,270,284,218,234,278,211,284,273,232,240,324,207,229,224,234,215,266,207,187,284,211,324,264,266,211,200,128,140,266,324,257,241,324,284,266,196,234,261,
279,241,320,316,273,282,166,340,279,279,320,225,347,170,333,300,261,320,287,320,320,327,213,347,320,245,202,278,149,170,296,218,225,261,278,320,134,289,174,279,320,311,360,320,278,261,269,218,284,289,209,326,360,297,220,311,322,241,261,241,320,218,343,320,320,218,256,311,290,191,326,149,266,355,334,327,320,215,224,277,319,261,241,333,261,320,340,279,152,320,279,320,231,282,348,218,180,256,278,295,198,274,250,333,279,354,218,283,258,354,279,319,241,218,266,335,304,170,113,320,311,134,322,241,317,261,167,209,307,218,320,170,280,296,174,266,260,261,341,96,107,320,279,316,304,304,241,
359,177,269,307,345,240,294,213,198,177,270,307,236,345,247,129,249,227,187,217,280,294,359,243,345,307,384,294,236,279,345,236,172,384,254,279,270,240,126,177,279,315,194,263,175,202,345,279,359,236,279,315,241,187,262,275,359,138,359,238,345,298,222,177,345,359,384,232,236,294,279,240,310,288,280,273,307,294,213,359,207,359,286,187,177,345,126,263,206,211,177,307,294,303,345,307,294,227,279,294,359,263,294,107,309,345,222,243,359,181,294,359,345,345,289,384,236,279,227,279,279,275,359,294,137,294,227,256,345,264,236,218,345,263,294,307,129,295,279,279,232,198,269,279,359,359,
391,359,303,311,280,367,359,359,391,268,373,283,361,344,344,391,359,391,391,391,256,373,391,282,245,185,220,283,326,134,283,344,296,391,241,319,280,359,391,340,385,391,308,344,316,202,314,319,283,359,385,359,316,340,350,189,344,234,391,224,370,391,391,234,289,340,344,283,354,241,296,391,391,355,391,258,266,316,347,344,213,361,344,391,367,359,262,391,359,391,272,311,391,167,226,289,308,324,242,304,285,361,359,379,245,344,341,379,359,347,266,127,296,363,333,283,241,391,340,241,350,256,345,344,220,289,359,224,391,283,344,326,262,296,292,344,391,241,241,391,359,344,333,333,149,
231,345,378,286,333,177,177,202,312,345,284,378,207,204,282,185,137,256,247,333,391,203,378,345,416,333,284,320,378,284,214,416,215,320,312,286,177,113,320,288,234,304,204,246,378,320,391,284,245,288,202,246,284,304,391,204,391,274,378,304,179,149,378,391,416,204,284,333,320,286,283,257,286,236,345,333,246,391,246,391,277,204,119,378,177,304,245,250,177,345,333,275,378,345,333,277,320,333,391,304,333,177,333,378,204,278,391,223,333,391,378,378,259,416,284,320,266,320,320,277,391,333,204,333,277,217,378,225,284,204,378,304,333,345,204,268,320,320,191,238,231,320,391,391,
307,345,293,294,181,198,294,270,307,315,345,137,273,352,167,207,331,177,294,359,177,345,307,384,294,326,279,345,240,303,384,177,331,270,282,256,241,279,236,316,263,218,194,345,279,359,256,126,191,143,295,236,263,359,245,359,345,345,263,177,263,345,359,384,159,270,294,338,240,182,177,240,177,307,294,187,359,325,359,227,207,218,345,279,293,324,327,279,307,294,177,345,307,294,227,279,294,359,263,294,275,294,345,172,348,359,309,294,359,345,345,143,384,304,309,338,279,302,227,359,294,247,294,256,126,345,177,326,175,345,282,294,307,261,177,321,310,177,319,129,279,359,359,
177,242,225,307,307,345,174,236,272,214,289,289,345,307,345,345,345,187,236,345,177,200,258,243,283,154,288,211,289,246,345,288,170,226,307,345,178,255,345,181,289,258,243,154,202,211,307,258,307,258,211,197,254,289,211,345,222,230,345,345,211,202,246,289,211,203,295,208,345,345,208,345,185,176,258,202,289,233,220,289,345,225,307,242,345,307,345,169,121,345,273,219,133,220,154,203,202,181,214,307,246,200,289,307,246,307,191,202,295,177,307,246,258,265,345,178,254,220,202,187,289,233,220,307,222,345,283,289,177,226,121,128,289,345,278,266,345,307,289,168,202,281,
263,213,345,345,378,230,223,280,202,329,329,378,345,378,378,378,202,223,378,167,213,269,256,291,218,296,266,329,187,378,296,230,263,345,378,218,266,378,240,329,300,256,218,127,266,345,300,345,300,266,240,266,329,224,378,234,240,378,378,224,149,187,329,266,196,304,263,378,378,263,378,199,196,300,177,329,245,272,329,378,213,345,254,378,345,378,181,196,378,282,231,196,272,218,216,127,240,202,345,234,213,329,326,234,345,196,189,304,134,345,187,269,274,378,218,266,272,202,196,329,245,272,345,234,378,291,329,134,240,196,177,329,378,286,275,378,345,329,218,149,289,
318,247,240,286,189,325,149,310,277,215,286,261,286,286,304,189,325,286,263,208,312,189,172,273,263,189,215,312,286,179,264,128,240,286,288,337,286,248,215,236,263,257,280,172,303,337,273,170,288,299,280,215,280,286,263,321,286,286,263,280,312,266,149,303,191,232,333,311,304,296,208,189,247,295,215,280,310,224,286,318,240,128,286,240,286,208,254,326,263,208,222,248,271,189,280,216,310,240,332,263,256,211,332,240,295,280,263,263,313,312,128,166,286,288,166,299,280,293,215,189,172,283,263,289,172,252,273,128,232,226,215,319,166,166,286,240,293,280,280,280,
294,294,333,273,121,339,196,276,298,373,294,333,354,333,281,220,333,255,289,328,319,349,189,354,273,327,262,333,354,201,306,294,333,167,193,340,218,276,241,319,209,220,284,294,241,294,320,193,162,326,277,296,367,304,162,333,333,296,245,262,276,295,134,361,234,333,333,189,333,280,274,241,220,348,311,202,276,333,196,304,318,347,350,333,269,213,333,340,302,245,218,192,291,223,250,113,300,134,289,276,370,220,333,149,274,361,234,294,262,328,333,361,167,326,202,281,154,278,311,284,294,304,333,349,276,196,306,234,241,288,333,344,334,333,342,276,177,220,347,
126,249,270,307,275,345,152,218,314,126,177,292,199,294,359,177,345,307,384,294,287,279,345,236,261,384,177,292,270,240,198,181,279,250,277,263,153,187,345,279,359,236,198,250,143,250,236,263,359,185,359,307,345,263,177,206,345,359,384,132,236,294,299,240,243,211,240,187,307,294,187,359,285,359,227,137,177,345,227,263,284,288,227,307,294,232,345,307,294,227,279,294,359,263,294,222,294,345,129,310,359,269,294,359,345,345,213,384,263,279,299,279,279,227,359,294,187,294,227,167,345,177,287,129,345,263,294,307,203,222,281,279,177,279,180,279,359,359,
234,270,307,265,345,172,203,304,143,177,282,214,294,359,177,345,307,384,294,277,279,345,236,247,384,178,282,270,240,181,177,279,264,266,263,132,187,345,279,359,236,213,264,167,236,236,263,359,171,359,297,345,263,177,189,345,359,384,152,236,294,289,240,257,225,240,203,307,294,187,359,275,359,227,129,177,345,213,263,274,278,213,307,294,246,345,307,294,227,279,294,359,263,294,207,294,345,136,300,359,256,294,359,345,345,227,384,249,279,289,279,279,227,359,294,172,294,227,181,345,191,277,132,345,263,294,307,187,236,279,279,177,269,197,279,359,359,
312,345,284,378,278,204,213,263,225,177,305,333,391,275,378,345,416,333,284,320,378,284,204,416,283,320,312,286,177,189,320,339,149,304,215,246,378,320,391,284,304,339,274,246,289,304,391,204,391,202,378,322,257,167,378,391,416,268,284,333,320,286,334,313,305,298,345,333,249,391,204,391,311,225,215,378,177,304,167,177,134,345,333,327,378,345,333,277,320,333,391,304,333,177,333,378,257,207,391,177,333,391,378,378,314,416,284,320,189,320,320,300,391,333,204,333,277,284,378,290,284,254,378,304,333,345,204,320,320,320,268,177,294,320,391,391,
280,224,264,249,249,312,270,312,312,312,143,280,312,230,170,287,191,240,211,247,154,249,287,312,247,200,172,270,312,232,294,312,181,249,208,230,191,253,154,270,294,270,208,232,248,253,249,253,312,230,277,312,312,230,253,287,249,154,254,257,165,312,312,256,312,170,143,208,253,249,253,264,249,312,273,270,189,312,270,312,170,187,312,230,170,146,181,209,143,253,139,264,270,288,230,249,271,288,270,243,253,257,230,270,287,207,215,312,232,203,248,253,240,249,179,166,270,230,312,240,249,230,172,165,170,249,312,232,216,312,270,249,222,253,253,
346,177,289,305,379,307,345,361,345,289,202,345,266,296,335,326,356,201,361,280,334,246,345,361,213,314,307,345,177,211,347,229,289,258,326,220,213,291,307,258,307,327,211,181,333,289,304,373,311,181,345,345,304,255,246,289,303,149,367,245,345,345,208,345,287,281,258,202,355,319,220,289,345,177,311,325,354,357,345,277,223,345,347,309,255,229,204,298,234,261,134,308,121,296,289,376,202,340,167,281,367,245,307,246,335,340,367,177,333,220,289,170,289,319,291,307,311,345,356,289,201,314,245,251,295,345,351,341,345,349,289,189,202,354,
332,299,211,284,285,284,284,326,211,346,296,266,211,314,193,128,295,266,224,211,314,304,170,288,172,236,284,310,358,284,277,245,268,266,283,288,207,325,358,295,166,310,321,283,218,283,284,266,342,284,284,266,283,314,289,189,325,170,264,354,333,326,319,213,222,275,318,211,283,332,256,284,339,236,149,284,236,284,229,280,347,266,211,254,277,294,197,283,248,332,236,353,266,282,208,353,236,318,283,266,266,334,314,128,170,284,310,170,321,283,316,217,193,207,305,266,311,128,279,295,172,264,258,211,340,170,170,289,236,315,303,303,283,
329,329,378,345,378,378,378,274,134,378,245,282,321,311,342,218,347,266,329,224,378,347,230,299,345,378,218,266,378,240,329,300,311,218,189,277,345,300,345,313,266,240,319,329,289,378,296,240,378,378,289,234,187,329,288,196,354,263,378,378,263,378,273,266,300,134,341,304,272,329,378,113,345,310,378,345,378,259,202,378,333,294,234,272,218,284,213,240,196,345,196,282,329,364,149,345,196,266,354,224,345,187,321,326,378,218,319,272,274,196,329,304,277,345,296,378,342,329,177,299,224,230,329,378,337,327,378,345,329,218,167,340,
252,336,132,204,315,204,276,344,204,329,289,370,278,310,261,329,217,286,370,204,315,249,265,232,218,261,216,300,239,194,169,329,261,344,233,158,216,129,279,211,239,344,222,344,329,329,239,204,240,329,344,370,126,249,276,322,215,209,204,215,204,289,276,160,344,309,344,202,181,204,329,261,277,308,312,261,289,276,204,329,289,276,202,261,276,344,239,276,256,276,329,139,333,344,293,276,344,329,329,175,370,288,293,322,261,285,202,344,276,224,276,233,129,329,204,310,143,329,265,276,289,238,204,305,294,204,303,136,261,344,344,
243,232,204,211,284,276,344,248,329,289,370,276,211,261,329,211,167,370,259,261,249,215,132,204,268,319,204,239,180,207,329,261,344,211,283,319,247,160,268,279,344,146,344,233,329,301,227,204,329,344,370,238,211,283,261,215,314,291,284,276,289,276,218,344,202,344,290,194,204,329,129,239,204,206,204,289,276,306,329,289,276,220,261,276,344,239,290,129,312,329,227,238,344,175,276,344,329,329,293,370,211,261,222,268,261,279,344,276,143,276,202,261,329,269,211,224,329,239,276,289,126,299,261,261,238,191,273,261,344,344,
324,298,149,362,333,391,334,378,345,416,333,284,333,378,284,204,416,341,320,326,286,263,274,347,391,177,315,290,307,378,321,391,284,361,391,333,246,347,357,391,272,391,113,378,376,320,256,378,391,416,327,284,361,320,304,387,368,362,355,345,333,314,391,204,391,367,298,290,378,234,304,167,177,234,345,333,380,378,345,333,315,331,333,391,304,367,240,386,378,320,207,391,189,354,391,378,378,369,416,284,320,134,347,320,357,391,352,270,333,277,342,378,348,284,318,378,304,333,345,258,374,320,320,327,177,351,340,391,391,
177,302,182,294,359,177,345,307,384,294,297,279,345,236,273,384,177,302,270,245,213,198,279,236,287,263,172,187,345,279,359,236,181,236,126,265,236,263,359,202,359,316,345,263,177,220,345,359,384,129,236,294,309,240,229,195,240,177,307,294,187,359,295,359,227,158,177,345,241,263,294,298,241,307,294,218,345,307,294,227,279,294,359,263,294,236,294,345,129,320,359,279,294,359,345,345,198,384,274,279,309,279,279,227,359,294,203,294,227,143,345,177,297,129,345,263,294,307,218,207,291,280,177,289,167,279,359,359,
275,224,333,391,177,378,345,416,333,284,320,378,284,238,416,189,320,312,286,177,152,320,284,257,304,204,246,378,320,391,284,222,272,177,246,284,304,391,204,391,290,378,304,149,179,378,391,416,204,284,333,320,286,266,234,286,213,345,333,246,391,269,391,277,204,113,378,203,304,268,272,203,345,333,255,378,345,333,277,320,333,391,304,333,198,333,378,204,294,391,246,333,391,378,378,236,416,284,320,283,320,320,277,391,333,204,333,277,192,378,202,284,204,378,304,333,345,204,245,320,320,167,261,207,320,391,391,
341,333,391,313,378,345,416,333,284,320,378,284,204,416,320,320,312,286,231,245,326,372,134,304,268,284,378,320,391,284,340,372,312,246,326,336,391,241,391,134,378,357,298,224,378,391,416,305,284,340,320,286,368,348,341,334,345,333,292,391,204,391,347,275,268,378,202,304,113,177,202,345,333,362,378,345,333,293,320,333,391,304,347,207,367,378,298,207,391,177,333,391,378,378,349,416,284,320,113,326,320,336,391,333,240,333,277,321,378,327,284,295,378,304,333,345,225,355,320,320,305,177,330,320,391,391,
333,391,167,378,345,416,333,336,320,378,284,314,416,149,341,312,293,270,257,320,284,327,304,234,246,378,320,391,284,177,246,177,306,284,304,391,261,391,355,378,304,189,275,378,391,416,204,284,333,348,286,167,113,286,113,345,333,246,391,335,391,277,223,234,378,290,304,334,337,290,345,333,149,378,345,333,277,320,333,391,304,333,286,333,378,204,358,391,320,333,391,378,378,177,416,315,320,348,320,320,277,391,333,262,333,277,177,378,134,336,204,378,304,333,345,274,134,331,321,177,329,204,320,391,391,
289,333,196,121,262,177,227,224,234,193,276,262,333,234,213,189,294,333,245,303,333,196,276,241,196,205,220,193,294,303,294,241,245,261,220,276,220,333,196,285,333,333,196,220,262,276,193,266,245,189,333,333,268,333,121,113,241,256,276,220,274,276,333,281,294,175,333,294,333,130,202,333,213,145,167,202,221,124,220,162,274,294,296,196,276,274,296,294,256,220,245,196,294,262,194,202,333,245,189,261,220,253,276,167,202,294,196,333,227,276,224,162,177,171,276,333,219,203,333,294,276,234,234,224,
391,266,296,335,326,356,241,361,283,344,245,391,361,253,314,359,391,241,283,391,262,344,316,326,241,213,291,359,316,359,327,283,262,333,344,304,391,311,262,391,391,304,255,177,344,303,220,367,280,391,391,280,391,287,281,316,167,355,319,289,344,391,127,359,325,391,359,391,277,223,391,347,309,255,289,241,298,234,262,220,359,220,296,344,376,113,359,220,281,367,245,359,189,335,340,391,241,333,289,289,220,344,319,291,359,311,391,356,344,201,314,245,251,344,391,351,341,391,359,344,241,189,354,
378,345,416,333,308,320,378,284,284,416,113,320,312,286,229,215,320,284,298,304,204,246,378,320,391,284,177,246,177,277,284,304,391,218,391,327,378,304,134,236,378,391,416,204,284,333,320,286,213,177,286,149,345,333,246,391,306,391,277,204,189,378,257,304,305,309,257,345,333,201,378,345,333,277,320,333,391,304,333,252,333,378,204,330,391,290,333,391,378,378,179,416,285,320,320,320,320,277,391,333,220,333,277,177,378,134,308,204,378,304,333,345,234,189,320,320,113,300,204,320,391,391,
177,227,213,266,218,266,266,329,187,378,266,230,263,345,378,218,280,378,240,329,300,213,218,177,266,345,300,345,300,266,240,224,329,177,378,189,261,378,378,177,127,213,329,266,234,274,263,378,378,263,378,177,196,300,224,329,202,272,329,378,255,345,240,378,345,378,177,196,378,245,186,196,272,218,196,149,240,245,345,274,167,329,326,274,345,224,134,274,134,345,202,266,234,378,218,224,272,149,221,329,202,272,345,189,378,266,329,189,240,196,177,329,378,251,236,378,345,329,218,202,256,
246,167,216,234,224,211,289,246,345,224,224,208,307,345,256,310,345,207,289,258,177,216,224,211,307,310,307,258,256,270,202,289,202,345,177,293,345,345,177,202,256,289,211,274,234,208,345,345,276,345,121,134,258,266,289,202,282,289,345,289,307,181,345,307,345,143,213,345,202,131,177,220,232,121,202,181,282,307,304,177,289,287,304,307,266,202,234,189,307,246,211,189,345,256,177,270,202,263,289,149,220,307,177,345,216,289,234,181,189,181,289,345,208,191,345,307,289,245,245,213,
262,314,284,187,314,370,248,416,278,287,312,384,416,299,348,416,294,370,345,187,278,277,314,384,348,384,345,314,310,162,370,170,416,187,332,416,416,187,238,299,370,314,314,278,312,416,416,315,416,246,262,345,306,370,162,321,370,416,328,384,294,416,384,416,246,269,416,187,246,262,320,283,262,259,294,321,384,342,187,370,368,342,384,306,205,187,248,384,291,314,278,416,299,278,320,194,304,370,262,320,384,187,416,314,370,284,294,262,246,370,416,278,278,416,384,370,291,291,162,
193,274,196,193,276,262,333,177,266,189,294,333,289,339,333,250,276,241,196,259,266,193,304,339,294,241,289,300,220,276,220,333,196,322,333,333,196,224,289,276,193,304,189,234,334,333,305,333,179,189,249,296,276,220,311,276,333,319,294,162,333,294,333,198,256,333,196,138,224,250,273,163,245,218,311,294,333,196,276,274,333,294,296,220,196,234,314,282,193,134,333,289,125,300,220,294,276,113,202,294,196,333,193,276,274,162,234,228,276,333,160,136,333,294,294,282,282,220,
306,266,240,211,314,315,170,299,189,236,284,321,368,284,288,261,279,266,294,299,224,335,368,307,169,321,332,283,234,283,284,266,353,293,284,266,283,321,300,207,335,170,277,364,343,336,329,229,238,287,328,211,283,342,270,284,349,236,172,284,236,284,245,291,357,266,211,269,288,305,214,284,264,342,236,363,266,293,208,363,236,328,283,266,277,345,314,149,170,284,321,170,332,283,326,233,193,224,316,266,322,70,290,306,189,277,272,218,350,170,170,300,236,326,314,314,283,
311,211,283,278,320,311,113,259,279,320,134,222,320,141,261,220,274,130,241,227,279,222,279,275,170,158,282,261,245,326,256,196,320,320,245,241,278,261,243,167,319,167,320,320,169,320,221,213,220,241,305,266,179,261,320,218,279,273,320,308,320,205,134,320,296,253,177,179,75,237,241,183,177,279,213,234,261,329,241,289,149,241,319,218,279,278,284,289,320,134,282,179,241,144,261,266,227,279,256,320,306,261,218,259,167,173,261,320,301,290,320,299,261,113,241,304,
266,329,282,378,218,304,263,345,378,326,372,378,293,329,300,177,299,304,266,345,372,345,300,326,336,167,329,213,378,202,357,378,378,213,274,326,329,266,340,218,282,378,378,341,378,236,245,300,333,329,189,347,329,378,354,345,240,378,345,378,252,296,378,134,205,274,293,310,221,289,270,347,345,367,224,329,326,367,345,333,245,113,282,349,319,266,218,378,326,218,336,234,331,329,196,272,345,202,378,266,329,311,240,282,277,329,378,218,218,378,345,330,319,319,127,
211,314,284,247,200,172,236,284,232,294,284,181,211,169,266,191,283,128,254,294,236,194,232,248,283,211,283,284,266,277,284,284,266,283,314,211,149,254,257,165,289,284,256,284,211,193,179,283,238,283,264,211,284,273,236,189,284,241,284,211,193,284,266,211,193,181,209,193,283,139,264,236,288,266,211,271,288,236,243,283,266,266,268,314,207,215,284,232,203,248,283,240,211,193,128,236,266,284,240,211,266,172,193,211,211,284,232,216,284,236,240,222,283,283,
370,291,261,275,215,187,204,298,347,204,262,227,250,329,270,344,211,313,347,283,160,298,309,344,199,344,204,329,330,269,204,329,344,370,276,211,312,261,246,342,321,314,306,289,276,261,344,149,344,320,238,227,329,152,239,204,156,204,289,276,335,329,289,276,262,281,276,344,239,320,161,341,329,269,194,344,129,305,344,329,329,322,370,211,261,204,298,261,309,344,303,198,276,202,293,329,299,211,266,329,239,276,289,181,328,261,261,276,137,303,290,344,344,
416,282,287,312,384,416,278,314,416,294,370,345,234,278,162,314,384,345,384,345,314,294,245,370,202,416,213,294,416,416,202,162,189,370,314,262,289,312,416,416,312,416,246,262,345,202,370,224,320,370,416,234,384,294,416,384,416,246,262,416,266,246,262,320,278,262,162,294,262,384,262,189,370,368,255,384,262,167,289,187,384,177,314,278,416,278,278,320,177,262,370,262,320,384,213,416,314,370,187,294,262,246,370,416,278,278,416,384,370,278,177,274,
320,312,286,239,225,320,284,305,304,204,246,378,320,391,284,177,246,177,284,284,304,391,229,391,334,378,304,149,247,378,391,416,204,284,333,327,286,201,167,286,134,345,333,246,391,314,391,277,204,202,378,268,304,313,316,268,345,333,189,378,345,333,277,320,333,391,304,333,263,333,378,204,337,391,298,333,391,378,378,177,416,293,320,327,320,320,277,391,333,230,333,277,177,378,113,315,204,378,304,333,345,245,177,320,320,134,308,204,320,391,391,
304,198,279,320,326,372,320,293,268,284,218,299,304,231,340,372,312,220,326,336,241,261,241,320,218,357,320,320,218,274,326,305,215,340,113,282,368,348,341,334,236,245,292,333,261,241,347,275,320,354,279,179,320,279,320,252,296,362,218,205,274,293,310,221,289,270,347,279,367,224,298,258,367,279,333,245,218,282,349,319,170,149,320,326,167,336,241,331,261,189,231,321,218,327,170,295,311,198,282,277,261,355,127,147,320,279,330,319,319,241,
248,270,312,149,232,312,128,249,208,266,112,253,216,270,232,270,268,154,172,274,249,253,319,245,207,312,312,234,253,287,249,232,177,311,149,312,312,179,312,211,202,208,253,298,256,189,249,312,230,270,264,312,300,312,194,143,312,289,242,167,166,112,226,253,172,189,270,223,230,249,322,253,281,167,253,311,230,270,287,277,282,312,149,274,172,253,163,249,256,216,270,245,312,299,249,230,248,149,170,249,312,293,283,312,291,249,134,253,296,
240,286,277,327,286,232,215,220,263,241,280,149,292,327,259,170,277,288,280,215,280,286,263,310,286,286,263,280,312,250,128,291,209,216,322,300,293,286,208,189,231,284,215,280,299,215,286,306,240,128,286,240,286,208,238,315,263,208,205,232,257,189,280,200,299,240,321,263,240,225,321,240,284,280,263,263,302,312,149,166,286,277,166,288,280,282,215,189,149,272,263,286,189,236,263,128,216,210,215,308,180,166,286,240,282,269,280,280,
177,279,305,209,263,158,187,345,279,359,236,269,305,227,187,248,264,359,129,359,252,345,288,207,177,345,359,384,218,236,294,279,240,300,278,270,261,307,294,198,359,222,359,276,172,177,345,143,263,220,225,177,307,294,293,345,307,294,227,279,294,359,263,294,137,299,345,207,257,359,198,294,359,345,345,279,384,236,279,241,279,279,264,359,294,129,294,227,241,345,250,236,203,345,263,294,307,129,285,279,279,218,213,255,279,359,359,
320,295,224,304,204,246,378,320,391,284,256,295,213,246,284,304,391,204,391,266,378,304,191,134,378,391,416,204,284,333,320,286,290,268,286,247,345,333,246,391,236,391,277,204,137,378,177,304,234,240,167,345,333,283,378,345,333,277,320,333,391,304,333,177,333,378,204,270,391,213,333,391,378,378,269,416,284,320,256,320,320,277,391,333,204,333,277,227,378,236,284,204,378,304,333,345,204,275,320,320,203,227,241,320,391,391,
200,320,172,261,220,289,162,241,248,279,220,279,290,170,128,296,261,266,340,274,172,320,320,266,241,278,261,264,134,333,189,320,320,166,320,243,234,220,241,320,282,179,261,320,218,279,288,320,322,320,227,167,320,311,272,202,179,137,258,241,207,149,279,189,256,261,343,241,304,125,241,333,218,279,278,299,304,333,70,296,179,245,125,261,282,248,279,274,320,321,261,218,277,189,197,261,320,316,305,320,314,261,113,241,319,
360,248,279,261,339,239,283,305,236,166,236,340,200,181,346,298,318,385,325,139,284,310,318,283,314,231,316,193,378,264,284,284,173,284,301,295,250,283,367,332,165,271,284,266,324,337,366,369,325,290,243,284,360,323,273,248,224,312,283,277,193,321,193,310,241,388,283,352,193,295,378,266,236,314,348,353,378,200,346,181,303,193,299,332,305,236,325,284,368,245,266,327,264,270,309,284,364,354,284,362,211,211,283,366,
304,247,269,378,320,391,284,326,360,297,246,311,322,391,220,391,167,378,343,283,202,378,391,416,290,284,333,320,286,355,334,327,320,345,333,277,391,204,391,333,257,247,378,177,304,113,177,177,345,333,348,378,345,333,278,320,333,391,304,333,183,354,378,283,207,391,177,333,391,378,378,335,416,284,320,149,320,320,322,391,333,218,333,277,307,378,313,284,280,378,304,333,345,204,341,320,320,290,177,316,320,391,391,
239,196,250,127,262,200,263,248,263,252,172,189,262,239,262,308,240,223,304,304,240,262,294,239,216,196,300,128,304,304,198,304,193,183,196,262,286,262,207,239,304,240,263,248,304,289,304,181,162,304,278,226,162,150,138,210,262,149,207,263,240,240,239,311,262,270,183,262,300,240,263,294,264,270,304,172,261,189,262,179,239,240,200,263,240,304,288,239,240,232,162,181,239,304,282,271,304,280,239,159,262,285,
160,329,261,344,211,233,279,187,216,211,239,344,141,344,283,329,259,204,204,329,344,370,177,211,276,275,215,274,245,235,224,289,276,160,344,259,344,243,113,204,329,191,239,257,263,204,289,276,266,329,289,276,202,261,276,344,239,276,185,276,329,167,286,344,236,276,344,329,329,247,370,229,261,275,261,261,227,344,276,143,276,202,204,329,213,261,162,329,239,276,289,167,255,261,261,204,250,218,261,344,344,
300,220,316,185,209,261,187,240,185,203,316,174,316,299,300,236,246,246,300,316,345,160,204,241,292,170,254,246,211,246,258,241,113,316,278,316,220,160,246,300,216,236,277,280,246,258,241,246,300,258,241,154,220,241,316,196,241,211,252,300,160,303,316,259,241,316,300,300,224,345,252,259,292,220,249,203,316,241,175,241,185,187,300,246,279,160,300,220,241,258,191,246,274,261,246,272,193,220,316,316,
259,266,266,345,339,345,300,289,300,127,329,149,378,134,322,378,378,149,224,289,329,266,304,218,263,378,378,305,378,179,196,300,296,329,127,311,329,378,319,345,240,378,345,378,198,256,378,149,177,224,272,273,196,245,240,311,345,333,167,329,326,333,345,296,189,189,234,345,282,266,218,378,289,218,300,177,294,329,196,272,345,134,378,266,329,274,240,234,228,329,378,218,218,378,345,329,282,282,167,
241,209,279,239,279,261,170,179,269,261,241,320,238,215,320,320,227,241,278,261,225,185,306,166,320,320,187,320,203,194,220,241,293,248,198,261,320,218,279,257,320,295,320,185,125,320,284,235,155,179,128,219,241,165,198,279,231,218,261,317,241,279,174,241,306,218,279,278,272,277,320,162,269,179,241,171,261,248,209,279,238,320,294,261,218,241,139,154,261,320,288,278,320,286,261,143,241,291,
283,359,316,359,316,283,262,274,344,234,391,245,262,391,391,234,167,162,344,283,220,311,280,391,391,280,391,211,220,316,167,344,256,289,344,391,201,359,264,391,359,391,202,220,391,289,242,220,289,241,226,134,262,220,359,223,224,344,341,223,359,220,202,311,149,359,162,283,282,391,241,274,289,213,220,344,256,289,359,245,391,299,344,127,262,220,202,344,391,293,283,391,359,344,241,134,296,
269,305,236,175,248,264,283,211,283,284,266,288,284,284,266,283,314,218,128,269,241,181,300,284,271,284,211,193,198,283,222,283,277,211,284,284,236,172,284,236,284,211,205,293,266,211,193,200,225,193,283,165,277,236,299,266,211,257,299,236,259,283,266,266,279,314,189,198,284,248,185,264,283,256,211,193,99,241,266,284,224,211,266,149,193,211,211,285,216,199,284,236,256,238,283,283,
187,167,305,236,263,359,259,359,354,345,263,187,274,345,359,384,176,280,294,347,240,177,177,240,177,307,294,198,359,334,359,227,222,233,345,289,303,333,336,289,307,294,177,345,307,294,227,279,294,359,263,294,285,294,345,187,357,359,319,294,359,347,345,126,384,314,319,347,279,312,227,359,294,261,297,269,143,345,177,335,191,345,292,294,307,273,177,330,320,177,328,129,279,359,359,
221,340,200,196,346,298,318,385,325,196,246,310,318,316,345,231,316,241,378,264,246,246,173,246,301,295,250,316,367,332,165,271,279,300,324,337,366,369,325,290,243,246,360,323,273,248,224,312,316,277,241,321,241,310,241,388,316,352,241,316,378,300,187,345,348,353,378,220,346,181,316,241,299,332,305,207,325,246,368,245,300,327,264,270,309,246,364,354,246,362,191,220,316,366,
275,236,263,359,217,359,326,345,263,177,234,345,359,384,129,243,294,319,240,214,178,240,177,307,294,187,359,305,359,227,175,187,345,256,273,304,308,256,307,294,203,345,307,294,227,279,294,359,263,294,250,294,345,133,329,359,289,294,359,345,345,181,384,284,289,319,279,282,227,359,294,218,294,227,126,345,177,307,137,345,263,294,307,232,191,301,290,177,299,143,279,359,359,
290,301,316,187,316,246,300,323,259,246,300,316,345,269,166,305,220,236,335,314,307,299,258,241,250,316,167,316,313,227,246,320,187,196,246,187,246,258,257,328,300,258,241,252,274,241,316,220,313,187,334,300,259,205,334,187,298,316,300,300,315,345,166,220,246,290,220,301,316,296,185,241,175,285,300,291,169,256,300,196,241,258,171,321,220,220,269,187,295,283,316,316,
132,296,238,283,340,274,172,284,284,266,283,314,211,264,193,333,189,284,284,137,284,243,234,174,283,320,283,149,211,284,266,274,288,319,322,284,227,193,284,311,272,202,172,170,258,283,207,193,270,193,266,211,343,283,304,193,283,333,266,236,314,299,304,333,170,296,128,283,193,239,282,248,236,274,284,321,211,266,277,193,211,254,284,316,305,284,314,211,170,283,319,
308,254,278,350,285,149,304,304,278,262,294,239,277,162,343,207,304,304,128,304,259,250,196,262,330,293,150,239,304,240,285,299,329,333,304,243,183,304,322,283,218,189,162,272,262,224,162,282,172,270,239,354,262,315,162,262,343,240,263,294,310,315,343,128,308,150,262,162,255,293,264,263,285,304,332,239,240,288,207,214,269,304,326,316,304,324,239,141,262,329,
344,167,391,149,329,391,391,167,234,296,344,283,311,241,280,391,391,313,391,202,220,316,304,344,134,319,344,391,326,359,262,391,359,391,209,266,391,134,202,234,289,280,220,256,262,319,359,340,177,344,341,340,359,304,202,177,245,359,289,283,241,391,296,241,308,189,302,344,220,289,359,149,391,283,344,282,262,245,238,344,391,241,241,391,359,344,289,289,149,
344,263,329,280,204,204,329,344,370,207,211,276,261,215,293,270,261,250,289,276,185,344,232,344,269,159,204,329,161,239,231,236,204,289,276,285,329,289,276,202,261,276,344,239,276,152,291,329,196,268,344,209,276,344,329,329,272,370,211,261,252,261,261,254,344,276,71,276,202,231,329,240,234,192,329,239,276,289,128,278,261,261,207,223,245,261,344,344,
391,127,300,391,391,127,189,266,344,283,282,241,280,391,391,283,391,202,220,316,274,344,134,289,344,391,296,359,262,391,359,391,202,224,391,189,202,220,289,243,220,213,262,289,359,311,127,344,341,311,359,274,149,224,202,359,256,283,241,391,266,241,289,134,272,344,220,289,359,127,391,283,344,245,262,220,202,344,391,241,241,391,359,344,256,256,202,
378,370,313,245,378,391,416,320,284,354,320,296,380,362,355,348,345,333,307,391,204,391,361,290,283,378,224,304,149,177,224,345,333,374,378,345,333,308,324,333,391,304,361,229,379,378,313,207,391,177,347,391,378,378,363,416,284,320,113,340,320,350,391,345,261,333,277,335,378,341,284,310,378,304,333,345,247,368,320,320,320,177,344,333,391,391,
308,378,378,113,202,274,329,266,289,218,263,378,378,290,378,177,196,300,282,329,127,296,329,378,304,345,240,378,345,378,177,234,378,177,177,202,272,253,196,224,240,296,345,319,134,329,326,319,345,282,167,213,213,345,266,266,218,378,274,218,285,149,280,329,196,272,345,70,378,266,329,256,240,213,206,329,378,218,218,378,345,329,266,266,189,
304,304,300,262,294,239,299,162,364,239,304,304,138,304,284,278,225,262,351,315,150,248,304,240,307,321,350,354,308,273,218,304,343,306,250,223,198,295,262,255,162,304,162,293,239,373,262,336,162,278,364,240,263,294,332,336,364,172,329,150,285,163,281,315,288,263,308,304,353,239,240,310,239,246,291,304,347,337,304,345,239,183,262,350,
215,378,391,416,204,284,333,320,286,234,202,286,177,345,333,246,391,291,391,277,204,167,378,236,304,290,294,236,345,333,223,378,345,333,277,320,333,391,304,333,231,333,378,204,316,391,275,333,391,378,378,204,416,284,320,305,320,320,277,391,333,204,333,277,177,378,167,293,204,378,304,333,345,213,213,320,320,113,285,204,320,391,391,
378,391,416,225,284,333,320,286,305,283,286,268,345,333,246,391,214,391,282,204,169,378,177,304,213,218,134,345,333,298,378,345,333,277,320,333,391,304,333,177,333,378,215,250,391,189,333,391,378,378,284,416,284,320,234,320,320,277,391,333,204,333,277,249,378,257,284,211,378,304,333,345,204,290,320,320,225,205,263,320,391,391,
189,266,329,266,282,224,263,378,378,283,378,177,196,300,274,329,134,289,329,378,296,345,240,378,345,378,177,224,378,189,177,196,272,243,196,213,240,289,345,311,113,329,326,311,345,274,149,224,202,345,256,266,218,378,266,218,278,134,272,329,196,272,345,113,378,266,329,245,240,202,194,329,378,218,218,378,345,329,256,256,202,
202,344,283,224,282,280,391,391,280,391,202,220,316,213,344,213,289,344,391,245,359,262,391,359,391,202,220,391,256,202,220,289,241,220,134,262,234,359,266,177,344,341,266,359,220,149,282,127,359,189,283,245,391,241,241,289,167,220,344,220,289,359,202,391,283,344,177,262,220,202,344,391,262,246,391,359,344,241,189,266,
370,314,262,333,312,416,416,312,416,246,262,345,162,370,282,320,370,416,187,384,294,416,384,416,246,262,416,311,272,262,320,278,262,177,294,262,384,262,256,370,368,189,384,262,234,333,189,384,113,314,304,416,278,296,320,245,262,370,282,320,384,274,416,321,370,187,294,262,246,370,416,316,305,416,384,370,278,162,319,
234,276,313,215,223,204,215,204,289,276,160,344,299,344,202,167,204,329,246,266,298,301,247,289,276,213,329,289,276,202,261,276,344,239,276,241,276,329,113,323,344,283,276,344,329,329,192,370,278,283,313,261,275,202,344,276,209,276,218,137,329,204,300,126,329,250,276,289,223,204,295,284,204,293,159,261,344,344,
280,225,200,311,289,282,284,211,193,215,283,211,283,288,211,284,295,236,149,284,236,284,211,222,304,266,211,193,216,241,193,283,181,288,236,310,266,224,241,310,236,273,283,266,266,290,314,172,179,284,264,170,277,283,271,211,193,128,257,266,284,207,220,266,132,200,211,211,296,199,180,284,236,270,254,283,283,
347,213,333,333,189,333,264,256,241,220,334,296,202,276,333,196,294,303,333,336,333,248,189,333,326,287,224,202,169,276,220,229,113,294,167,274,276,357,220,319,113,256,347,213,294,262,314,319,347,134,311,202,266,124,276,296,269,294,289,333,335,276,196,291,213,219,276,333,330,320,333,328,276,149,220,333,
289,374,355,348,341,247,256,299,340,261,241,354,283,320,361,279,191,320,279,320,263,304,368,218,216,282,300,317,231,296,278,354,279,373,234,305,258,373,279,340,256,218,289,356,326,174,167,320,333,177,343,245,338,261,202,241,328,218,334,170,303,319,209,289,284,261,362,140,165,320,279,337,326,326,241,
286,286,215,286,208,189,170,280,275,280,224,215,286,263,240,232,286,278,286,208,189,286,266,210,189,128,166,193,280,128,224,240,255,263,215,300,280,255,202,280,289,263,240,312,248,256,289,189,245,207,280,198,215,224,181,240,263,286,277,215,263,216,189,208,215,286,271,257,286,269,215,177,280,280,
149,286,177,345,333,246,391,363,391,277,266,274,378,320,333,362,365,320,345,333,113,378,345,333,277,320,333,391,304,333,316,333,378,234,383,391,348,333,391,378,378,177,416,343,348,374,320,341,277,391,333,294,333,300,199,378,189,364,237,378,322,333,345,304,134,359,349,223,357,204,320,391,391,
286,134,345,333,246,391,342,391,277,234,245,378,298,311,341,344,298,345,333,134,378,345,333,277,320,333,391,304,333,294,333,378,204,365,391,327,333,391,378,378,177,416,322,327,355,320,320,277,391,333,271,333,278,177,378,149,343,205,378,304,333,345,281,113,338,328,189,336,204,320,391,391,
286,266,258,200,280,335,298,112,224,286,263,290,304,334,338,290,251,192,286,327,288,226,198,171,278,280,231,189,287,189,276,215,359,280,320,189,280,348,263,240,312,315,320,348,166,313,112,280,189,263,298,271,240,290,286,336,215,263,293,215,221,274,286,331,321,286,329,215,166,280,334,
345,333,246,391,328,391,277,213,224,378,283,304,327,330,283,345,333,167,378,345,333,277,320,333,391,304,333,279,333,378,204,351,391,312,333,391,378,378,177,416,308,320,341,320,320,277,391,333,252,333,277,177,378,113,329,204,378,304,333,345,266,149,324,320,167,322,204,320,391,391,
121,258,253,289,202,273,289,345,280,307,181,345,307,345,128,199,345,215,148,164,220,219,128,202,181,273,307,295,177,289,287,295,307,253,202,247,177,307,246,211,204,345,243,192,259,202,251,289,169,220,307,177,345,229,289,221,181,175,169,289,345,221,205,345,307,289,232,232,226,
241,245,276,220,266,276,333,274,294,187,333,294,333,121,189,333,224,163,149,202,211,138,220,162,266,294,289,196,276,274,289,294,245,220,256,196,294,262,205,213,333,234,202,250,220,242,276,177,202,294,196,333,238,276,213,170,167,157,276,333,230,214,333,294,276,224,224,234,
316,285,316,209,160,246,300,227,247,284,288,246,258,241,246,300,258,241,154,220,241,316,196,241,222,241,300,160,310,316,269,241,316,300,300,213,345,263,269,299,220,259,191,316,241,187,241,198,187,300,246,287,160,300,231,241,258,203,246,281,270,246,279,180,220,316,316,
344,289,289,344,391,149,359,295,391,359,391,238,220,391,319,280,220,289,241,269,189,262,220,359,220,266,344,350,177,359,220,245,340,202,359,162,306,311,391,241,304,289,256,220,344,289,289,359,282,391,328,344,149,284,220,208,344,391,323,312,391,359,344,241,134,326,
344,341,269,259,348,191,239,204,129,204,289,290,356,329,289,276,286,304,276,344,262,341,197,362,329,291,155,362,137,327,344,329,329,343,370,211,261,204,320,261,330,344,325,231,276,222,315,329,321,211,289,329,239,276,289,216,349,261,261,299,129,324,312,344,344,
304,344,391,311,359,262,391,359,391,202,245,391,167,202,220,289,264,220,234,262,304,359,326,149,344,341,326,359,289,177,202,224,359,274,283,241,391,282,241,293,167,287,344,220,289,359,127,391,283,344,266,262,224,217,344,391,241,241,391,359,344,274,274,177,
232,277,272,296,310,340,343,296,259,202,277,333,294,234,207,179,284,289,240,202,293,202,282,202,364,289,326,202,289,354,272,227,320,321,326,354,179,319,128,289,202,270,304,277,227,296,277,342,203,272,299,224,230,280,277,337,327,277,335,202,179,289,340,
204,329,203,239,268,272,204,289,276,255,329,289,276,202,261,276,344,239,276,198,276,329,149,294,344,247,276,344,329,329,236,370,240,261,283,261,261,216,344,276,162,276,202,191,329,204,270,143,329,239,276,289,177,245,264,261,204,261,207,261,344,344,
378,191,304,257,263,191,345,333,266,378,345,333,277,320,333,391,304,333,185,333,378,204,286,391,236,333,391,378,378,247,416,284,320,275,320,320,277,391,333,204,333,277,204,378,213,284,204,378,304,333,345,204,255,320,320,177,250,218,320,391,391,
345,318,378,350,378,269,213,378,340,302,245,272,218,291,223,250,196,345,196,289,329,370,134,345,196,274,361,234,345,187,328,333,378,218,326,272,281,196,329,311,284,345,304,378,349,329,189,306,234,241,329,378,344,334,378,345,329,218,177,347,
263,189,196,177,307,294,312,345,307,294,229,279,294,359,263,296,90,319,345,236,229,359,167,294,359,345,345,299,384,236,279,213,279,279,285,359,294,159,294,227,269,345,275,236,232,345,263,294,307,137,305,279,279,246,181,279,279,359,359,
304,263,304,196,254,326,240,181,222,248,271,162,262,216,310,263,332,240,256,236,332,263,295,262,240,240,313,294,132,137,304,288,127,299,262,293,239,162,172,283,240,304,172,252,273,128,232,226,239,319,163,138,304,263,293,280,280,262,
177,189,345,333,355,378,345,333,285,320,333,391,304,340,196,361,378,290,207,391,177,333,391,378,378,342,416,284,320,134,320,320,329,391,333,229,333,277,314,378,320,284,288,378,304,333,345,215,348,320,320,298,177,323,320,391,391,
196,307,294,358,345,307,294,289,306,294,359,266,343,202,364,345,294,149,364,141,329,359,345,345,346,384,236,279,177,322,279,333,359,327,234,294,227,318,345,323,236,292,345,263,294,307,220,351,279,279,301,120,327,315,359,359,
345,333,313,378,345,333,277,320,333,391,304,333,177,333,378,236,229,391,177,333,391,378,378,299,416,284,320,213,320,320,285,391,333,204,333,277,269,378,275,284,233,378,304,333,345,204,305,320,320,247,180,279,320,391,391,
181,345,231,171,139,220,203,148,202,181,259,307,284,177,289,287,284,307,238,202,263,177,307,246,213,220,345,227,209,243,202,235,289,185,220,307,177,345,245,289,205,181,155,144,289,345,237,221,345,307,289,216,216,241,
333,282,231,149,202,132,216,220,162,202,294,234,213,276,315,234,294,177,220,304,196,294,262,269,274,333,167,266,202,220,174,276,245,205,294,234,333,291,276,196,238,134,142,276,333,286,275,333,294,276,149,220,289,
378,345,333,277,320,333,391,304,333,309,333,378,223,377,391,341,333,391,378,378,177,416,336,341,368,320,334,277,391,333,286,333,293,187,378,177,357,227,378,315,333,345,296,113,352,342,213,350,204,320,391,391,
180,256,278,295,198,274,250,333,345,354,202,329,326,354,345,319,224,149,266,345,304,266,218,378,311,218,322,213,317,329,196,272,345,177,378,266,329,296,240,266,260,329,378,218,218,378,345,329,304,304,127,
198,226,251,128,221,192,294,307,317,177,289,287,317,307,280,202,216,210,307,263,211,170,345,272,154,283,202,278,289,124,220,307,177,345,211,289,253,181,210,203,289,345,187,171,345,307,289,263,263,202,
202,175,180,220,162,234,294,266,196,276,293,266,294,213,220,282,196,294,262,238,245,333,202,234,218,220,210,276,213,202,294,202,333,269,276,196,205,113,121,276,333,262,246,333,294,276,189,220,266,
179,210,289,150,207,227,240,272,202,311,289,270,202,289,300,272,227,320,264,270,300,179,261,189,289,202,202,240,200,227,272,277,288,202,272,232,202,220,205,277,282,271,277,280,202,179,289,289,
235,241,180,179,279,215,232,261,328,241,287,153,241,317,218,279,278,283,287,320,137,280,179,241,148,261,264,225,279,253,320,305,261,218,257,164,171,261,320,299,288,320,297,261,121,241,302,
220,175,284,294,306,196,276,274,306,294,269,220,231,196,294,262,193,186,333,258,174,272,220,266,276,144,202,294,196,333,214,276,237,162,193,185,276,333,205,187,333,294,276,248,248,220,
262,220,359,245,202,344,341,245,359,220,177,296,127,359,167,283,266,391,241,256,289,189,220,344,234,289,359,224,391,284,344,149,262,220,202,344,391,279,268,391,359,344,241,167,282,
240,263,270,240,239,289,270,263,218,262,278,240,263,294,232,240,304,207,229,224,262,215,239,207,165,263,240,304,264,239,240,200,162,181,239,304,257,241,304,263,239,196,262,262,
294,149,282,276,364,220,326,134,266,354,224,294,262,321,326,354,149,319,202,274,138,276,304,277,294,296,333,342,276,196,299,224,230,280,333,337,327,333,335,276,167,220,340,
315,345,231,234,359,172,294,359,345,345,295,384,236,279,218,279,279,282,359,294,150,294,227,265,345,272,236,227,345,263,294,307,130,301,279,279,241,187,275,279,359,359,
304,276,382,220,347,177,289,373,255,294,262,342,347,373,189,340,202,296,180,293,326,299,294,319,333,363,276,213,321,255,262,303,333,358,348,333,356,276,201,220,361,
329,326,304,345,266,134,234,189,345,245,266,218,378,256,218,272,127,263,329,196,272,345,134,378,266,329,234,240,196,181,329,378,218,218,378,345,329,245,245,213,
316,344,275,276,344,329,329,204,370,270,275,305,261,268,202,344,276,197,276,207,153,329,204,293,83,329,240,276,289,213,213,287,276,204,285,172,261,344,344,
382,183,350,341,326,326,366,368,208,258,207,343,258,354,341,348,266,274,257,339,326,344,208,314,329,236,300,296,252,371,258,258,323,169,348,336,341,341,
359,220,289,373,255,359,201,342,347,391,241,340,289,296,220,344,326,299,359,319,391,363,344,213,321,255,262,344,391,358,348,391,359,344,241,201,361,
311,359,345,345,328,384,236,279,177,304,279,315,359,309,207,294,227,299,345,305,236,273,345,263,294,307,191,334,279,279,283,126,309,296,359,359,
245,340,202,294,262,306,311,340,125,304,202,256,81,276,289,259,294,282,333,328,276,196,284,202,208,276,333,323,312,333,321,276,134,220,326,
256,167,359,224,283,241,391,241,241,289,113,242,344,220,289,359,167,391,283,344,213,262,220,202,344,391,241,241,391,359,344,241,224,234,
289,356,326,266,218,378,333,218,343,245,338,329,202,272,345,213,378,266,329,319,240,289,284,329,378,218,218,378,345,337,326,326,134,
345,187,266,256,378,218,245,272,177,198,329,224,272,345,213,378,277,329,167,240,196,177,329,378,271,257,378,345,329,218,177,274,
384,324,328,356,279,321,227,359,294,273,307,279,167,345,177,345,207,345,302,294,307,283,177,339,329,192,337,144,279,359,359,
314,296,416,278,289,320,234,262,370,274,320,384,266,416,314,370,187,294,262,246,370,416,308,297,416,384,370,278,162,311,
170,284,299,170,310,283,304,211,193,189,294,266,300,149,268,284,149,248,242,211,329,170,170,284,236,304,291,291,283,
320,304,113,315,241,309,261,149,198,299,218,320,170,273,289,162,256,249,261,334,129,70,320,279,309,296,296,241,
333,320,343,391,338,250,333,277,328,378,334,284,303,378,304,333,345,236,362,320,320,313,177,337,326,391,391,
296,179,245,125,261,282,248,279,274,320,321,261,218,277,189,197,261,320,316,305,320,314,261,113,241,319,
308,241,302,261,134,185,292,218,320,170,265,282,143,245,238,261,327,142,118,320,279,301,289,289,241,
289,202,255,293,264,227,285,277,332,202,272,288,207,220,269,277,326,316,277,324,202,179,289,329,
253,344,220,289,359,149,391,283,344,224,262,220,202,344,391,241,241,391,359,344,241,234,224,
276,287,256,294,280,333,326,276,196,282,198,205,276,333,321,310,333,319,276,131,220,324,
276,202,232,329,241,233,194,329,239,276,289,126,279,261,261,209,222,246,261,344,344,
202,294,196,333,193,276,266,162,224,217,276,333,173,152,333,294,286,274,274,220,
241,272,277,224,204,272,150,202,220,202,285,216,199,277,227,256,238,289,289,
345,177,316,158,345,272,294,307,247,177,311,300,177,309,129,279,359,359,
378,266,329,256,240,213,206,329,378,218,218,378,345,329,266,266,189,
322,204,378,304,333,345,255,167,320,320,149,315,204,320,391,391,
290,306,189,277,272,218,350,170,170,300,236,326,314,314,283,
329,239,276,289,209,216,285,274,204,283,175,261,344,344,
259,196,177,329,378,301,290,378,345,329,218,127,304,
216,210,239,308,180,164,304,263,282,269,269,262,
121,276,333,271,257,333,294,276,177,220,274,
289,345,266,251,345,307,289,184,202,270,
289,261,261,223,207,261,261,344,344,
345,335,201,343,204,320,391,391,
128,320,279,321,308,308,241,
320,279,310,297,297,241,
293,204,320,391,391,
319,306,359,359,
261,344,344,
241,311,
311