NAME = SAfile042,
SIZE = 42,
69,32,49,27,78,51,34,55,151,36,63,172,50,69,59,147,84,43,118,77,44,176,5,73,85,27,90,125,75,80,57,48,72,28,59,45,114,78,188,178,64,
31,35,62,23,42,24,37,32,57,62,43,36,29,50,36,46,41,36,31,36,54,9,62,81,47,24,45,29,60,90,84,20,51,99,16,62,58,48,34,28,
89,36,44,85,83,28,46,88,140,30,43,142,27,42,106,60,51,64,38,83,8,63,26,28,41,45,97,22,112,126,66,108,93,39,36,75,111,38,42,
39,81,55,91,24,36,62,123,25,50,150,44,60,155,71,76,78,34,63,12,87,44,15,42,40,95,39,100,109,52,86,123,49,63,120,84,34,55,
43,53,36,21,62,72,90,38,44,51,61,48,84,44,87,20,75,64,17,93,88,20,49,45,53,107,125,99,60,68,124,58,60,72,77,49,36,
35,43,14,18,81,136,46,30,108,39,76,127,54,121,50,39,55,21,159,62,14,67,35,74,44,124,75,42,79,101,46,89,155,61,34,23,
91,29,70,98,96,47,113,71,39,51,59,85,56,62,69,109,12,61,66,30,25,87,63,71,130,98,38,75,126,47,53,57,150,53,111,
28,51,99,141,36,50,103,34,44,71,81,43,53,51,105,20,49,30,20,31,65,64,46,136,90,61,115,109,62,38,60,113,48,92,
38,46,34,23,9,53,49,33,35,35,68,22,39,41,45,42,54,39,24,27,25,40,81,63,26,46,85,17,70,58,38,24,33,
84,101,37,97,102,41,35,118,78,161,58,134,11,9,163,176,21,26,29,34,171,71,65,50,70,65,56,129,139,55,35,93,
130,59,83,97,63,71,123,103,77,107,112,88,23,110,69,41,59,82,76,114,150,149,62,108,140,67,34,124,86,69,66,
121,34,142,72,122,178,115,94,110,27,78,27,123,28,31,134,67,104,21,161,120,104,124,170,105,68,142,90,102,59,
71,124,37,57,147,63,148,67,93,37,17,126,136,13,59,30,41,98,97,71,62,65,99,46,172,158,53,45,52,
30,32,66,36,63,34,97,91,186,3,32,48,15,41,117,42,93,45,115,91,110,77,72,48,33,192,96,105,
59,146,174,91,96,85,32,86,21,120,34,48,146,97,128,19,146,104,86,111,101,75,83,186,87,108,46,
40,54,50,58,25,47,71,15,82,99,21,32,38,40,87,105,88,15,61,120,60,30,69,60,54,42,
159,66,179,70,83,47,18,155,110,25,74,21,61,102,98,107,70,79,105,60,185,133,64,46,60,
117,94,118,29,116,31,165,41,26,114,95,155,27,133,143,107,129,138,83,80,185,90,135,48,
56,81,84,80,20,104,105,24,52,62,82,111,156,104,81,117,144,40,42,128,92,75,98,
64,46,161,30,137,44,50,164,156,97,40,80,77,65,84,78,90,117,139,140,131,46,
66,86,5,86,102,15,47,53,62,84,142,108,62,66,150,66,49,118,98,72,79,
188,11,30,89,12,46,166,49,87,36,78,98,116,47,95,46,28,166,99,106,
25,134,144,32,57,3,58,164,84,101,92,108,88,71,182,119,5,41,147,
22,29,8,9,6,11,8,10,40,10,11,35,6,21,26,6,12,20,
48,45,160,139,126,46,124,106,97,105,106,71,122,164,124,163,49,
32,83,144,60,77,29,23,74,35,22,56,89,53,180,176,63,
30,15,23,37,41,49,17,26,76,18,49,43,32,29,21,
18,69,64,111,84,51,86,85,53,130,133,61,41,32,
33,171,60,67,59,79,62,66,157,113,12,33,91,
56,128,90,59,67,113,49,86,160,66,20,56,
14,40,64,77,29,96,36,34,147,137,62,
191,137,146,187,130,62,143,94,103,85,
114,145,181,106,61,130,114,67,115,
71,142,59,82,93,80,54,59,
185,77,50,126,77,64,88,
135,60,140,107,73,119,
77,101,74,46,31,
77,167,151,47,
119,159,54,
41,186,
73