NAME = SAfile048,
SIZE = 48,
392,668,942,660,309,875,751,1272,444,492,467,2139,273,796,662,240,254,262,1038,685,231,568,966,455,1723,811,1023,559,1865,242,1034,704,238,466,484,1061,679,400,1589,1057,667,291,264,354,598,795,547,
1867,905,567,269,1474,1124,920,1204,882,330,1986,1161,316,482,453,1370,410,878,2439,1291,862,827,879,1227,96,515,1094,2520,1212,807,1023,837,1769,1148,1095,565,1184,358,1017,663,334,861,1358,1654,1087,649,
2082,1506,1467,2138,959,1724,1359,1938,2117,1184,1891,1197,973,2101,2380,1021,2285,2493,1785,2026,1737,1872,1787,2367,678,701,1030,1975,2455,1972,1943,1369,2182,2408,2114,2428,1395,2333,678,2734,1475,145,1114,1681,1376,
1621,642,776,495,345,882,396,1306,904,1463,1057,609,429,996,1461,491,1576,1056,220,490,902,330,1008,1327,1903,2266,2237,510,665,414,695,668,645,1210,1698,774,356,2377,296,138,426,457,130,428,
483,1114,701,821,999,2596,715,2374,676,1447,570,936,940,1100,739,1969,533,939,833,1219,676,879,1266,1105,1890,1580,1169,1032,1315,947,1200,927,754,1299,1286,586,1183,1605,1038,225,892,482,325,
803,343,480,252,1178,362,940,1275,319,188,1038,1254,939,883,947,500,907,312,331,435,594,741,188,1709,726,826,1309,1033,316,1568,476,780,328,311,1857,1829,90,1828,107,818,1441,915,
1125,697,1507,1427,743,653,180,442,2421,578,1226,384,580,1969,1252,413,355,1467,776,1338,361,1473,290,740,763,161,819,227,833,370,820,881,173,1982,400,1501,519,1580,1878,326,847,
90,959,2203,949,1688,1251,548,1631,613,681,902,123,1836,229,805,443,374,1156,235,1176,999,1717,641,1204,459,1364,516,925,216,847,443,1283,346,546,596,923,238,504,1188,1214,
1720,2147,317,2410,549,790,1092,749,402,350,290,1371,572,1524,358,1473,809,1138,1461,744,550,506,240,154,510,721,1668,1335,642,685,435,1316,1519,726,1553,1722,1713,949,483,
802,744,896,503,1238,1122,1110,1584,1256,1729,1252,702,1051,1105,1207,792,1291,552,1235,1961,1148,189,882,516,507,617,823,1011,1430,631,1776,1087,949,1600,849,828,1039,882,
1298,1550,1936,937,292,1240,1983,667,1171,1758,2485,742,1359,959,1941,1809,442,1356,1239,2049,1802,182,2119,1438,999,831,2198,562,1897,1783,1480,1745,1042,1374,801,604,664,
2699,115,257,1479,779,660,528,521,1107,1590,178,608,1070,259,919,853,836,2108,375,1320,483,1137,344,387,2136,205,1244,781,1499,1828,703,738,472,1010,445,410,
1446,995,2301,1963,1429,1483,2405,2013,2121,2043,967,1645,600,534,930,1744,1176,1584,1949,1858,347,2571,1157,1926,1506,2568,2594,2300,1490,1802,781,2264,2523,2166,2091,
1280,533,414,451,217,463,1633,579,731,630,720,453,839,216,644,1644,560,481,916,861,700,1492,541,846,666,803,1581,950,928,928,645,558,1255,543,
641,219,1178,1213,918,2055,818,1123,1361,1009,410,1004,921,290,1704,454,155,627,815,767,953,400,235,1556,1183,1453,624,180,567,1326,651,665,816,
646,632,864,721,2066,1374,748,1815,1604,761,957,853,1018,1508,1420,713,1560,1022,1097,1969,838,405,1494,1210,1592,1171,1905,514,652,1081,1760,260,
587,485,1098,825,1692,1157,318,1493,587,454,1163,757,2179,1251,428,902,670,894,2089,1129,1149,1038,1173,1607,891,721,1021,851,1073,1152,740,
882,492,2708,1496,511,680,770,699,1761,1531,820,1019,1304,100,499,1049,1457,1434,440,563,2394,618,1508,884,1551,268,267,1539,968,478,
1282,2290,521,812,1479,1137,1603,369,674,129,1240,879,803,214,482,976,1453,623,604,279,420,2202,320,630,354,590,484,1698,337,
686,488,703,526,432,847,1397,661,607,768,525,622,817,669,745,1699,166,586,1753,794,598,1144,390,592,529,1315,732,1058,
1239,2385,2540,982,1005,2445,945,2412,1888,1759,1475,2156,1885,1849,1583,1950,1286,2172,2115,1304,2165,1497,177,2063,1427,2425,1985,
355,924,1796,983,1525,341,557,940,2072,426,238,358,1552,1837,1995,961,973,1152,1690,1479,973,603,1335,653,1763,913,
776,985,699,708,396,605,1489,543,1104,1119,630,1056,371,214,642,783,235,2300,1511,700,1508,792,1191,983,862,
649,1051,623,236,669,1744,1222,1131,1029,1082,504,1845,712,706,666,983,872,469,939,303,1673,547,424,1086,
821,831,676,1399,2237,341,1488,455,1017,626,689,863,285,503,197,1749,699,1079,998,1023,908,1181,456,
140,1353,1272,727,1082,725,815,632,755,1829,1486,745,83,308,1036,273,814,2238,1861,182,919,325,
486,866,1500,690,411,1780,309,361,504,1735,972,985,609,1446,1425,930,1835,1972,951,736,388,
1560,335,352,231,550,626,917,1398,932,582,598,1231,588,1157,548,604,917,972,813,591,
1614,335,1264,197,617,538,636,1612,397,1089,1199,2145,999,803,2435,937,1049,2339,690,
1898,1287,1796,1650,2151,443,1146,1573,2059,1752,2204,229,1166,1718,2139,1908,826,969,
594,1169,798,369,1250,992,919,758,1421,1049,252,334,194,393,406,1333,524,
340,443,165,863,986,915,360,739,887,865,435,641,1000,263,1347,1143,
617,251,1727,655,397,1727,470,1456,697,525,1326,325,473,848,943,
760,1547,1159,1114,1836,739,1225,610,626,1212,583,967,952,723,
1393,429,1153,1007,1369,357,177,581,2044,1617,1185,1716,780,
987,1356,2099,1402,1466,1162,579,875,1925,1972,1260,371,
1317,552,554,1137,1362,1092,220,1119,1229,1643,293,
1579,1300,1155,1163,1060,2336,835,569,652,1259,
585,330,1094,1341,1472,1019,582,271,451,
1794,222,588,1187,476,551,1726,552,
2083,1499,595,1280,1263,1906,663,
1025,2010,1052,304,872,479,
739,981,1198,1111,813,
796,2281,898,1403,
1640,1241,869,
1024,723,
2085